Customer #: 1234
M  5  1 8 8
C   10  1 6 12
C   5  1 12 12
P   7  2 4 10
P   6  2 6 12
T
Customer #:  3820
P 15  2 4 10
F  20  1 6 16
O  6  1 10 8
P  5  2 8  16
C  2  4 4 12
P  3  1 12 10
T
Customer #:  7923
O  8  1 6 10
O  5  2 6 8
O  4  1 8 10
O  2  1 12 10
T
Customer #:  2482
C  10   1 8 10
C   8   2 5  16
M   9   4 6 12
F   5   6 6 12
C   2   1 12 16
T
Customer #:  7783
F   2   1 4  10
M   8   2 5  10
T
Customer #:  4913
P  15  2 4 9
P   20  2 6 24
P   14  2 10 20
P   20  2 4 10
F   1   1 6 10
F   10  2 6  12
T
Customer #:  1178
P 25  2 4 10
P 20  2 4 8
P 10  2 4 12
F  20  1 6 16
F  15  1 4 12
O  6  1 10 8
P  5  2 8  16
P  8  2 8  10
C  2  4 4 12
C  2  4 4 8
P  3  1 12 10
T